L = 0.01;
R = 40;
C = 1e-06;